%YAML:1.0
---
cameraMatrix: !!opencv-matrix
   rows: 3
   cols: 3
   dt: d
   data: [ 3.6526830394397746e+02, 0., 2.7728040518872501e+02, 0.,
       3.7148547599652807e+02, 1.6247010395400937e+02, 0., 0., 1. ]
distortionCoefficients: !!opencv-matrix
   rows: 1
   cols: 5
   dt: d
   data: [ 9.8016123474766424e-03, 1.4327839901487108e-01,
       -4.1189474629201424e-02, 2.0934174444798209e-02,
       -1.1665471750092636e-01 ]
rotation: !!opencv-matrix
   rows: 3
   cols: 3
   dt: d
   data: [ 1., 0., 0., 0., 1., 0., 0., 0., 1. ]
projection: !!opencv-matrix
   rows: 4
   cols: 4
   dt: d
   data: [ 3.6526830394397746e+02, 0., 2.7728040518872501e+02, 0., 0.,
       3.7148547599652807e+02, 1.6247010395400937e+02, 0., 0., 0., 1.,
       0., 0., 0., 0., 1. ]
