%YAML:1.0
---
cameraMatrix: !!opencv-matrix
   rows: 3
   cols: 3
   dt: d
   data: [ 1.0697637344757627e+03, 0., 9.4086177467061520e+02, 0.,
       1.0697702795441151e+03, 5.1948870449420622e+02, 0., 0., 1. ]
distortionCoefficients: !!opencv-matrix
   rows: 1
   cols: 5
   dt: d
   data: [ 3.7162946340459940e-02, -4.2648857397812080e-03,
       -1.3617916414823668e-03, -1.0386956815115311e-03,
       -2.7821709601344554e-02 ]
rotation: !!opencv-matrix
   rows: 3
   cols: 3
   dt: d
   data: [ 1., 0., 0., 0., 1., 0., 0., 0., 1. ]
projection: !!opencv-matrix
   rows: 4
   cols: 4
   dt: d
   data: [ 1.0697637344757627e+03, 0., 9.4086177467061520e+02, 0., 0.,
       1.0697702795441151e+03, 5.1948870449420622e+02, 0., 0., 0., 1.,
       0., 0., 0., 0., 1. ]
