%YAML:1.0
---
depthShift: -2.1453202400279498e+01
