%YAML:1.0
---
rotation: !!opencv-matrix
   rows: 3
   cols: 3
   dt: d
   data: [ 9.9691572297556719e-01, 3.9593186392253947e-03,
       7.8379621586324041e-02, 3.4000851055294538e-03,
       9.9560983042259910e-01, -9.3538788676990017e-02,
       -7.8405871625646953e-02, 9.3516786524112980e-02,
       9.9252563187699394e-01 ]
translation: !!opencv-matrix
   rows: 3
   cols: 1
   dt: d
   data: [ -5.2164586337251580e-02, -2.0046896993691745e-02,
       1.8336786096586387e-03 ]
essential: !!opencv-matrix
   rows: 3
   cols: 3
   dt: d
   data: [ 1.5655597688509345e-03, -3.7003498362417377e-03,
       -1.9725539029866533e-02, -2.2619868229108503e-03,
       4.8855246025169873e-03, 5.1918412051518613e-02,
       1.9807702776841535e-02, -5.1856202904370319e-02,
       6.4506804181683518e-03 ]
fundamental: !!opencv-matrix
   rows: 3
   cols: 3
   dt: d
   data: [ 6.6156436898058862e-07, -1.5375009339720021e-06,
       -2.9783325905839340e-03, -9.5585027115273354e-07,
       2.0299304160096130e-06, 7.9489374973083140e-03,
       8.8282642436458125e-03, -2.2657433004309956e-02,
       9.9999999999999989e-01 ]
